1000 1000
5 5
5 5 5 5 5 5 5 5 5 5 5 5 5 5 5 5 5 5 5 5 5 5 5 5 5 5 5 5 5 5 5 5 5 5 5 5 5 5 5 5 5 5 5 5 5 5 5 5 5 5 5 5 5 5 5 5 5 5 5 5 5 5 5 5 5 5 5 5 5 5 5 5 5 5 5 5 5 5 5 5 5 5 5 5 5 5 5 5 5 5 5 5 5 5 5 5 5 5 5 5 5 5 5 5 5 5 5 5 5 5 5 5 5 5 5 5 5 5 5 5 5 5 5 5 5 5 5 5 5 5 5 5 5 5 5 5 5 5 5 5 5 5 5 5 5 5 5 5 5 5 5 5 5 5 5 5 5 5 5 5 5 5 5 5 5 5 5 5 5 5 5 5 5 5 5 5 5 5 5 5 5 5 5 5 5 5 5 5 5 5 5 5 5 5 5 5 5 5 5 5 5 5 5 5 5 5 5 5 5 5 5 5 5 5 5 5 5 5 5 5 5 5 5 5 5 5 5 5 5 5 5 5 5 5 5 5 5 5 5 5 5 5 5 5 5 5 5 5 5 5 5 5 5 5 5 5 5 5 5 5 5 5 5 5 5 5 5 5 5 5 5 5 5 5 5 5 5 5 5 5 5 5 5 5 5 5 5 5 5 5 5 5 5 5 5 5 5 5 5 5 5 5 5 5 5 5 5 5 5 5 5 5 5 5 5 5 5 5 5 5 5 5 5 5 5 5 5 5 5 5 5 5 5 5 5 5 5 5 5 5 5 5 5 5 5 5 5 5 5 5 5 5 5 5 5 5 5 5 5 5 5 5 5 5 5 5 5 5 5 5 5 5 5 5 5 5 5 5 5 5 5 5 5 5 5 5 5 5 5 5 5 5 5 5 5 5 5 5 5 5 5 5 5 5 5 5 5 5 5 5 5 5 5 5 5 5 5 5 5 5 5 5 5 5 5 5 5 5 5 5 5 5 5 5 5 5 5 5 5 5 5 5 5 5 5 5 5 5 5 5 5 5 5 5 5 5 5 5 5 5 5 5 5 5 5 5 5 5 5 5 5 5 5 5 5 5 5 5 5 5 5 5 5 5 5 5 5 5 5 5 5 5 5 5 5 5 5 5 5 5 5 5 5 5 5 5 5 5 5 5 5 5 5 5 5 5 5 5 5 5 5 5 5 5 5 5 5 5 5 5 5 5 5 5 5 5 5 5 5 5 5 5 5 5 5 5 5 5 5 5 5 5 5 5 5 5 5 5 5 5 5 5 5 5 5 5 5 5 5 5 5 5 5 5 5 5 5 5 5 5 5 5 5 5 5 5 5 5 5 5 5 5 5 5 5 5 5 5 5 5 5 5 5 5 5 5 5 5 5 5 5 5 5 5 5 5 5 5 5 5 5 5 5 5 5 5 5 5 5 5 5 5 5 5 5 5 5 5 5 5 5 5 5 5 5 5 5 5 5 5 5 5 5 5 5 5 5 5 5 5 5 5 5 5 5 5 5 5 5 5 5 5 5 5 5 5 5 5 5 5 5 5 5 5 5 5 5 5 5 5 5 5 5 5 5 5 5 5 5 5 5 5 5 5 5 5 5 5 5 5 5 5 5 5 5 5 5 5 5 5 5 5 5 5 5 5 5 5 5 5 5 5 5 5 5 5 5 5 5 5 5 5 5 5 5 5 5 5 5 5 5 5 5 5 5 5 5 5 5 5 5 5 5 5 5 5 5 5 5 5 5 5 5 5 5 5 5 5 5 5 5 5 5 5 5 5 5 5 5 5 5 5 5 5 5 5 5 5 5 5 5 5 5 5 5 5 5 5 5 5 5 5 5 5 5 5 5 5 5 5 5 5 5 5 5 5 5 5 5 5 5 5 5 5 5 5 5 5 5 5 5 5 5 5 5 5 5 5 5 5 5 5 5 5 5 5 5 5 5 5 5 5 5 5 5 5 5 5 5 5 5 5 5 5 5 5 5 5 5 5 5 5 5 5 5 5 5 5 5 5 5 5 5 5 5 5 5 5 5 5 5 5 5 5 5 5 5 5 5 5 5 5 5 5 5 5 5 5 5 5 5 5 5 5 5 5 5 5 5 5 5 5 5 5 5 5 5 5 5 5 5 5 5 5 5 5 5 5 5 5 5 5 5 5 5 5 5 5 5 5 5 5 5 5 5 5 5 5 5 5 5 5 5 5 5 5 5 5 5 5 5 5 5 5 5 5 5 5 5 5 5 5 5 5 5 5 5 5 5 5
5 5 5 5 5 5 5 5 5 5 5 5 5 5 5 5 5 5 5 5 5 5 5 5 5 5 5 5 5 5 5 5 5 5 5 5 5 5 5 5 5 5 5 5 5 5 5 5 5 5 5 5 5 5 5 5 5 5 5 5 5 5 5 5 5 5 5 5 5 5 5 5 5 5 5 5 5 5 5 5 5 5 5 5 5 5 5 5 5 5 5 5 5 5 5 5 5 5 5 5 5 5 5 5 5 5 5 5 5 5 5 5 5 5 5 5 5 5 5 5 5 5 5 5 5 5 5 5 5 5 5 5 5 5 5 5 5 5 5 5 5 5 5 5 5 5 5 5 5 5 5 5 5 5 5 5 5 5 5 5 5 5 5 5 5 5 5 5 5 5 5 5 5 5 5 5 5 5 5 5 5 5 5 5 5 5 5 5 5 5 5 5 5 5 5 5 5 5 5 5 5 5 5 5 5 5 5 5 5 5 5 5 5 5 5 5 5 5 5 5 5 5 5 5 5 5 5 5 5 5 5 5 5 5 5 5 5 5 5 5 5 5 5 5 5 5 5 5 5 5 5 5 5 5 5 5 5 5 5 5 5 5 5 5 5 5 5 5 5 5 5 5 5 5 5 5 5 5 5 5 5 5 5 5 5 5 5 5 5 5 5 5 5 5 5 5 5 5 5 5 5 5 5 5 5 5 5 5 5 5 5 5 5 5 5 5 5 5 5 5 5 5 5 5 5 5 5 5 5 5 5 5 5 5 5 5 5 5 5 5 5 5 5 5 5 5 5 5 5 5 5 5 5 5 5 5 5 5 5 5 5 5 5 5 5 5 5 5 5 5 5 5 5 5 5 5 5 5 5 5 5 5 5 5 5 5 5 5 5 5 5 5 5 5 5 5 5 5 5 5 5 5 5 5 5 5 5 5 5 5 5 5 5 5 5 5 5 5 5 5 5 5 5 5 5 5 5 5 5 5 5 5 5 5 5 5 5 5 5 5 5 5 5 5 5 5 5 5 5 5 5 5 5 5 5 5 5 5 5 5 5 5 5 5 5 5 5 5 5 5 5 5 5 5 5 5 5 5 5 5 5 5 5 5 5 5 5 5 5 5 5 5 5 5 5 5 5 5 5 5 5 5 5 5 5 5 5 5 5 5 5 5 5 5 5 5 5 5 5 5 5 5 5 5 5 5 5 5 5 5 5 5 5 5 5 5 5 5 5 5 5 5 5 5 5 5 5 5 5 5 5 5 5 5 5 5 5 5 5 5 5 5 5 5 5 5 5 5 5 5 5 5 5 5 5 5 5 5 5 5 5 5 5 5 5 5 5 5 5 5 5 5 5 5 5 5 5 5 5 5 5 5 5 5 5 5 5 5 5 5 5 5 5 5 5 5 5 5 5 5 5 5 5 5 5 5 5 5 5 5 5 5 5 5 5 5 5 5 5 5 5 5 5 5 5 5 5 5 5 5 5 5 5 5 5 5 5 5 5 5 5 5 5 5 5 5 5 5 5 5 5 5 5 5 5 5 5 5 5 5 5 5 5 5 5 5 5 5 5 5 5 5 5 5 5 5 5 5 5 5 5 5 5 5 5 5 5 5 5 5 5 5 5 5 5 5 5 5 5 5 5 5 5 5 5 5 5 5 5 5 5 5 5 5 5 5 5 5 5 5 5 5 5 5 5 5 5 5 5 5 5 5 5 5 5 5 5 5 5 5 5 5 5 5 5 5 5 5 5 5 5 5 5 5 5 5 5 5 5 5 5 5 5 5 5 5 5 5 5 5 5 5 5 5 5 5 5 5 5 5 5 5 5 5 5 5 5 5 5 5 5 5 5 5 5 5 5 5 5 5 5 5 5 5 5 5 5 5 5 5 5 5 5 5 5 5 5 5 5 5 5 5 5 5 5 5 5 5 5 5 5 5 5 5 5 5 5 5 5 5 5 5 5 5 5 5 5 5 5 5 5 5 5 5 5 5 5 5 5 5 5 5 5 5 5 5 5 5 5 5 5 5 5 5 5 5 5 5 5 5 5 5 5 5 5 5 5 5 5 5 5 5 5 5 5 5 5 5 5 5 5 5 5 5 5 5 5 5 5 5 5 5 5 5 5 5 5 5 5 5 5 5 5 5 5 5 5 5 5 5 5 5 5 5 5 5 5 5 5 5 5 5 5 5 5 5 5 5 5 5 5 5 5 5 5 5 5 5 5 5 5 5 5 5 5 5 5 5 5 5 5 5 5 5 5 5 5 5 5 5
1 207 596 654 808
1 224 455 754 948
1 293 587 663 962
1 340 437 648 944
1 335 515 665 949
2 243 479 713 883
2 224 477 783 974
2 365 402 611 907
2 379 425 668 910
2 216 442 673 975
3 207 490 678 826
3 297 548 651 913
3 400 572 772 863
3 273 504 610 834
3 279 464 636 943
4 292 477 659 934
4 319 531 719 910
4 339 521 799 845
4 268 585 620 831
4 218 447 625 813
5 326 523 698 885
5 342 540 644 965
5 215 538 601 904
5 203 510 726 927
5 229 518 683 838
6 284 569 704 873
6 264 553 786 844
6 241 537 643 819
6 252 534 638 803
6 294 520 639 967
7 209 575 760 858
7 358 541 736 905
7 208 448 646 831
7 374 589 671 865
7 303 532 775 803
8 241 448 796 891
8 352 473 663 890
8 382 427 730 841
8 202 405 783 851
8 338 520 620 927
9 269 402 633 931
9 218 442 682 957
9 385 420 605 828
9 349 514 773 982
9 201 409 640 883
10 351 536 660 827
10 370 549 675 954
10 206 493 789 860
10 360 412 617 934
10 208 470 608 821
11 209 574 644 895
11 262 413 686 946
11 246 593 757 929
11 313 401 628 857
11 397 551 694 893
12 346 479 710 804
12 247 549 749 828
12 372 548 763 908
12 344 572 791 903
12 285 487 762 813
13 333 571 770 997
13 395 549 635 874
13 387 570 758 834
13 325 578 719 869
13 213 453 640 910
14 225 428 729 801
14 356 429 643 881
14 282 543 767 859
14 203 440 666 837
14 301 456 690 935
15 364 543 653 991
15 391 444 642 940
15 349 573 639 825
15 215 457 771 812
15 370 453 702 876
16 271 416 734 899
16 202 468 771 886
16 255 504 629 871
16 337 564 651 957
16 256 441 757 987
17 303 453 699 887
17 234 452 699 915
17 316 468 775 994
17 272 596 731 951
17 329 444 782 959
18 312 527 665 990
18 396 516 642 979
18 230 408 776 922
18 288 427 689 936
18 252 439 787 805
19 206 419 739 974
19 307 513 606 932
19 306 591 740 947
19 272 519 767 990
19 372 504 798 855
20 365 427 630 973
20 381 558 729 897
20 238 519 763 947
20 249 560 785 889
20 368 404 611 856
21 385 555 648 998
21 363 530 698 893
21 361 584 737 927
21 292 525 621 956
21 283 522 685 822
22 326 550 643 994
22 312 592 774 805
22 321 402 607 868
22 384 523 751 844
22 254 463 703 850
23 396 527 614 937
23 273 556 753 938
23 398 515 649 860
23 250 415 669 855
23 275 577 630 813
24 312 407 786 835
24 369 517 645 945
24 213 484 724 918
24 327 482 604 971
24 216 415 688 809
25 271 483 663 814
25 276 515 750 863
25 348 473 695 888
25 295 428 650 877
25 229 540 687 873
26 393 496 624 910
26 336 418 658 909
26 297 508 651 915
26 242 586 652 986
26 351 489 763 1000
27 270 519 727 910
27 319 480 673 930
27 206 565 718 933
27 392 475 753 926
27 345 506 632 864
28 323 462 618 897
28 385 445 761 946
28 259 565 735 879
28 375 413 702 916
28 276 514 671 829
29 242 477 697 867
29 315 498 616 848
29 308 472 785 913
29 221 539 797 879
29 375 518 791 948
30 394 516 718 861
30 234 597 756 859
30 240 559 602 890
30 348 507 602 908
30 233 557 789 865
31 274 487 626 849
31 343 489 648 861
31 223 572 654 874
31 259 422 713 891
31 261 577 683 854
32 243 547 743 945
32 320 499 661 975
32 349 488 784 950
32 313 583 747 872
32 253 525 798 814
33 209 492 666 804
33 339 525 653 962
33 347 583 740 996
33 355 543 709 920
33 333 484 703 976
34 289 428 796 999
34 208 495 747 998
34 213 454 652 875
34 350 435 602 824
34 260 471 762 955
35 280 481 695 901
35 328 498 671 870
35 400 490 787 952
35 275 403 613 909
35 226 508 764 818
36 309 411 701 925
36 295 416 700 921
36 328 407 790 806
36 323 533 611 832
36 246 491 714 836
37 327 541 773 911
37 215 459 758 840
37 278 436 712 802
37 301 470 791 868
37 278 434 780 972
38 210 502 656 933
38 205 445 746 875
38 284 554 634 853
38 212 563 792 945
38 276 554 715 826
39 322 571 753 965
39 399 420 645 930
39 390 583 778 955
39 393 444 751 917
39 330 475 734 900
40 232 523 714 864
40 284 485 634 995
40 229 490 642 802
40 390 498 648 993
40 228 579 675 922
41 312 408 629 872
41 330 543 775 992
41 321 547 629 810
41 258 552 605 961
41 246 565 796 801
42 248 566 788 819
42 221 438 755 976
42 395 402 671 965
42 374 466 709 810
42 243 590 752 820
43 308 423 657 879
43 272 542 655 855
43 386 560 678 946
43 352 545 618 920
43 265 565 613 869
44 318 490 635 835
44 337 561 749 899
44 383 465 604 991
44 311 599 649 991
44 384 509 724 846
45 294 520 750 950
45 337 600 771 826
45 266 423 625 806
45 268 514 768 937
45 244 531 609 857
46 361 446 611 806
46 314 433 617 972
46 380 429 763 866
46 254 482 785 968
46 376 503 612 954
47 310 581 693 825
47 268 510 619 984
47 255 528 672 826
47 365 458 656 960
47 249 465 613 849
48 318 574 727 918
48 321 456 716 817
48 268 432 722 933
48 317 480 611 830
48 204 447 784 832
49 397 462 654 869
49 222 588 725 912
49 268 513 737 807
49 353 485 799 871
49 218 481 662 851
50 250 593 772 968
50 298 455 680 960
50 251 497 769 949
50 239 591 717 819
50 310 560 686 834
51 338 444 690 971
51 325 532 629 867
51 336 518 628 858
51 327 434 690 974
51 245 582 739 883
52 400 570 621 973
52 228 497 601 976
52 224 594 615 974
52 296 528 699 822
52 363 420 725 863
53 220 436 670 855
53 341 470 667 862
53 214 600 720 889
53 282 464 759 842
53 376 441 750 844
54 375 457 733 870
54 307 407 738 908
54 329 449 739 952
54 235 567 659 987
54 352 442 631 849
55 262 454 639 823
55 341 454 677 841
55 383 576 637 969
55 219 424 659 972
55 257 568 743 878
56 314 410 621 886
56 277 406 613 853
56 286 488 610 990
56 303 586 710 983
56 205 579 628 896
57 318 429 798 864
57 315 568 638 827
57 222 431 680 924
57 323 574 791 977
57 387 595 792 866
58 363 485 651 904
58 207 433 647 899
58 357 443 640 951
58 240 513 688 928
58 324 440 687 964
59 273 449 794 969
59 358 467 625 804
59 391 529 704 903
59 276 590 604 885
59 359 587 784 944
60 299 405 672 892
60 369 572 685 894
60 311 482 708 832
60 370 557 609 925
60 218 559 618 824
61 258 482 649 916
61 254 445 650 893
61 237 458 623 806
61 371 413 694 829
61 318 427 782 880
62 367 570 793 862
62 354 430 674 901
62 363 526 701 842
62 394 477 707 901
62 338 511 723 819
63 389 596 783 833
63 230 417 779 810
63 258 512 789 955
63 255 547 760 894
63 296 584 759 981
64 218 568 777 928
64 205 517 676 893
64 382 492 702 961
64 346 509 668 851
64 219 578 756 924
65 297 591 676 820
65 341 595 763 982
65 364 475 785 934
65 357 439 706 952
65 301 509 796 831
66 274 446 754 846
66 356 538 726 921
66 241 460 704 802
66 377 468 765 918
66 300 450 648 956
67 348 596 732 906
67 347 496 767 882
67 229 520 727 891
67 309 580 607 905
67 310 552 634 970
68 296 458 713 871
68 227 437 698 962
68 386 437 795 955
68 305 473 717 820
68 350 599 685 917
69 286 563 708 890
69 219 553 603 868
69 378 478 789 921
69 374 431 608 935
69 262 521 669 830
70 343 519 691 981
70 203 420 692 967
70 385 551 644 998
70 228 459 752 840
70 302 411 745 920
71 365 415 755 978
71 267 542 773 809
71 269 411 721 873
71 317 540 657 978
71 264 414 794 814
72 350 541 704 946
72 378 446 736 807
72 376 499 680 978
72 298 597 658 983
72 298 564 725 873
73 322 539 735 903
73 355 464 762 884
73 346 553 764 878
73 340 538 689 859
73 320 489 638 953
74 210 510 761 832
74 201 439 622 948
74 378 424 672 897
74 279 501 786 807
74 300 508 684 859
75 312 483 800 836
75 335 513 624 963
75 386 508 786 956
75 371 572 753 838
75 291 494 604 842
76 394 558 783 995
76 359 478 647 843
76 366 577 712 912
76 214 534 776 822
76 238 574 797 847
77 291 529 665 876
77 221 431 609 921
77 352 573 646 827
77 211 565 747 980
77 378 540 761 966
78 281 524 639 907
78 280 428 779 808
78 391 589 676 975
78 306 458 753 898
78 257 446 619 857
79 355 497 710 948
79 359 443 788 901
79 360 530 676 981
79 363 556 785 962
79 288 463 777 971
80 375 523 698 941
80 269 499 706 881
80 270 461 610 851
80 370 600 723 989
80 345 498 680 885
81 332 530 623 937
81 227 460 660 939
81 291 432 749 932
81 274 600 795 864
81 247 451 623 816
82 222 433 697 861
82 303 598 758 953
82 295 517 726 843
82 306 501 707 953
82 244 558 740 932
83 201 583 706 866
83 388 542 736 983
83 365 577 684 877
83 291 467 662 886
83 217 539 658 942
84 345 508 765 946
84 207 507 603 954
84 300 511 765 876
84 232 590 800 929
84 333 494 787 918
85 328 505 788 884
85 367 501 699 861
85 288 428 674 890
85 281 480 615 805
85 335 489 719 951
86 274 597 646 815
86 349 420 717 835
86 333 500 792 969
86 296 576 752 970
86 204 478 700 994
87 201 503 704 996
87 250 431 601 836
87 248 505 674 921
87 304 452 677 829
87 266 531 701 908
88 287 419 645 825
88 367 419 622 888
88 233 424 663 806
88 231 426 666 973
88 392 581 708 809
89 241 563 664 938
89 249 501 769 939
89 361 493 741 980
89 231 491 617 950
89 324 481 649 897
90 239 597 717 846
90 362 414 681 993
90 392 595 664 848
90 341 543 604 804
90 306 425 676 938
91 361 442 784 923
91 222 486 777 986
91 377 568 703 903
91 233 417 711 952
91 265 438 716 999
92 377 442 738 824
92 247 573 659 913
92 348 401 667 984
92 392 531 615 911
92 235 437 679 977
93 237 509 651 966
93 233 416 636 880
93 387 423 729 890
93 316 521 771 932
93 354 403 623 820
94 310 441 781 887
94 280 598 691 876
94 279 483 769 818
94 388 401 642 892
94 339 577 618 948
95 267 438 799 962
95 238 530 703 966
95 322 492 694 907
95 212 447 650 997
95 368 433 679 840
96 321 460 760 967
96 267 557 639 958
96 317 430 603 913
96 377 512 775 966
96 223 517 748 968
97 383 409 624 815
97 239 462 800 994
97 266 475 607 871
97 256 588 695 837
97 287 516 665 841
98 370 516 746 880
98 236 469 621 1000
98 372 558 787 809
98 226 526 608 939
98 320 447 687 958
99 225 548 736 854
99 261 472 631 999
99 315 535 728 970
99 257 422 794 811
99 301 455 693 852
100 400 407 712 995
100 339 496 774 951
100 373 569 627 986
100 226 492 655 942
100 211 524 696 1000
101 357 470 661 883
101 235 435 622 826
101 202 544 738 915
101 398 505 669 829
101 359 546 636 876
102 358 509 762 949
102 369 495 754 953
102 244 450 707 818
102 305 555 681 944
102 236 516 711 985
103 222 507 745 945
103 288 530 673 929
103 390 416 695 823
103 389 528 619 912
103 224 461 697 926
104 234 403 682 817
104 264 535 773 1000
104 238 476 608 916
104 292 409 632 973
104 237 566 797 814
105 286 502 614 808
105 336 440 793 812
105 327 515 677 875
105 300 463 634 847
105 324 404 716 959
106 270 447 616 880
106 343 423 667 896
106 348 427 717 935
106 398 462 687 909
106 289 536 778 852
107 290 544 769 989
107 368 547 700 940
107 286 504 710 892
107 213 485 602 926
107 247 459 742 999
108 290 465 620 929
108 373 489 735 841
108 353 559 718 852
108 219 521 668 856
108 266 566 750 809
109 223 567 675 972
109 354 539 692 989
109 253 490 719 845
109 256 534 790 904
109 385 499 743 988
110 285 534 745 977
110 340 526 750 817
110 276 457 759 925
110 364 467 652 854
110 294 560 775 875
111 320 500 760 849
111 372 503 610 933
111 351 535 633 874
111 329 580 641 934
111 208 529 689 853
112 292 461 708 933
112 272 563 690 982
112 366 454 624 822
112 266 457 729 894
112 251 466 732 812
113 366 466 740 906
113 281 594 749 982
113 319 469 744 822
113 223 521 800 985
113 208 542 683 967
114 225 553 737 963
114 217 506 782 864
114 342 518 722 862
114 271 417 724 938
114 294 403 666 807
115 320 426 734 990
115 294 534 798 915
115 216 463 681 960
115 204 486 655 936
115 326 439 730 931
116 214 538 744 878
116 251 421 731 872
116 234 579 645 937
116 235 555 636 891
116 261 434 706 902
117 345 421 702 811
117 393 502 778 900
117 277 522 694 839
117 246 481 631 988
117 297 483 728 989
118 324 514 649 833
118 314 467 741 988
118 293 569 693 967
118 281 533 684 902
118 298 450 635 941
119 382 541 720 923
119 295 450 652 811
119 204 600 691 885
119 359 493 742 895
119 342 432 727 888
120 254 502 702 935
120 396 484 685 916
120 293 514 672 835
120 334 455 653 845
120 396 567 759 915
121 335 408 700 873
121 284 548 681 824
121 316 416 662 964
121 339 592 640 947
121 397 468 696 852
122 346 517 757 969
122 334 448 614 970
122 236 599 655 903
122 209 461 755 988
122 257 451 781 999
123 278 444 701 803
123 380 495 758 874
123 269 488 634 931
123 259 422 612 833
123 374 528 679 978
124 397 592 768 931
124 281 564 656 887
124 311 463 605 981
124 317 561 793 862
124 263 531 670 984
125 267 512 663 922
125 362 414 765 872
125 263 452 633 849
125 371 592 653 904
125 262 525 726 805
126 258 460 664 807
126 364 482 682 920
126 287 581 662 994
126 240 552 770 919
126 215 575 606 943
127 203 557 628 908
127 216 580 799 878
127 251 421 774 916
127 204 576 752 956
127 328 584 650 847
128 313 556 737 917
128 384 404 727 835
128 282 550 668 817
128 399 466 689 914
128 236 580 755 963
129 338 404 643 897
129 398 573 680 808
129 289 450 617 804
129 262 462 761 934
129 232 589 757 984
130 203 477 671 954
130 360 455 625 838
130 395 573 788 898
130 258 539 760 911
130 210 537 624 816
131 360 484 770 834
131 325 424 667 987
131 316 532 742 814
131 332 554 781 929
131 270 495 747 818
132 231 406 720 922
132 367 515 642 902
132 227 426 780 928
132 400 586 733 877
132 280 562 617 801
133 242 578 678 856
133 243 468 737 979
133 247 465 631 801
133 256 527 605 941
133 299 471 674 925
134 265 467 678 839
134 332 522 732 901
134 383 443 779 968
134 275 452 705 960
134 380 432 776 858
135 229 451 748 945
135 309 500 612 986
135 357 423 602 930
135 376 402 792 924
135 277 595 713 989
136 395 499 756 940
136 232 436 795 941
136 397 478 668 821
136 253 563 693 872
136 356 474 767 886
137 252 596 722 816
137 344 494 623 805
137 283 495 712 851
137 362 550 614 844
137 311 546 756 855
138 264 585 622 898
138 260 458 630 976
138 226 429 793 959
138 231 412 709 831
138 241 473 720 852
139 272 562 637 909
139 353 403 714 925
139 305 542 780 848
139 393 414 627 979
139 375 549 777 993
140 356 448 721 947
140 289 472 774 850
140 211 464 650 958
140 331 590 656 983
140 305 548 631 923
141 236 511 723 954
141 371 558 721 961
141 369 505 744 950
141 350 407 616 889
141 231 581 703 868
142 330 448 684 860
142 384 488 733 964
142 263 412 780 881
142 387 419 795 882
142 206 405 637 942
143 211 564 688 850
143 265 494 638 865
143 350 556 794 816
143 381 486 731 919
143 391 532 742 970
144 329 422 626 881
144 232 456 789 917
144 379 406 615 958
144 289 443 643 979
144 347 413 670 812
145 249 544 705 895
145 331 529 618 825
145 292 583 620 941
145 304 476 632 850
145 237 441 732 905
146 333 584 765 861
146 253 425 742 889
146 317 434 696 828
146 353 438 615 877
146 319 471 770 865
147 351 425 772 893
147 299 554 644 880
147 261 512 734 940
147 293 478 782 991
147 309 453 730 833
148 399 406 696 860
148 282 485 733 913
148 362 562 718 830
148 318 599 627 858
148 228 507 743 867
149 248 588 612 928
149 302 488 741 965
149 347 405 607 891
149 381 518 766 977
149 316 556 707 843
150 334 465 694 887
150 246 520 799 912
150 332 578 691 926
150 331 555 653 944
150 257 546 685 993
151 280 527 798 942
151 310 500 738 917
151 250 511 744 949
151 340 582 641 911
151 233 491 661 930
152 391 564 721 813
152 388 581 720 906
152 315 410 793 964
152 398 433 637 863
152 250 474 641 857
153 373 430 635 958
153 252 536 688 870
153 210 502 800 811
153 340 487 681 828
153 372 591 749 888
154 304 576 726 882
154 226 528 721 812
154 255 586 640 981
154 323 435 794 815
154 202 474 647 863
155 305 594 711 898
155 291 569 705 953
155 297 522 752 834
155 217 451 780 961
155 301 559 657 904
156 342 545 787 877
156 245 473 745 842
156 313 497 766 887
156 353 557 696 926
156 334 435 693 803
157 395 575 697 905
157 343 412 677 907
157 376 559 735 882
157 221 550 754 992
157 304 592 797 914
158 284 526 715 900
158 308 562 756 896
158 311 588 678 996
158 275 594 679 960
158 322 568 670 889
159 307 571 674 947
159 379 586 633 825
159 308 567 612 894
159 381 524 769 810
159 295 418 625 823
160 336 487 754 845
160 322 476 627 820
160 354 471 659 838
160 345 578 733 867
160 331 464 690 931
161 337 532 783 961
161 273 507 730 973
161 277 598 729 979
161 283 440 675 895
161 335 591 741 840
162 211 552 751 943
162 275 551 715 899
162 260 434 654 837
162 296 491 722 902
162 290 522 722 937
163 389 469 684 969
163 325 474 689 984
163 237 529 779 995
163 299 585 658 997
163 387 579 661 802
164 221 452 792 907
164 282 503 658 848
164 225 544 745 986
164 382 457 790 879
164 254 454 730 833
165 245 493 724 853
165 212 406 778 836
165 287 545 637 923
165 242 569 699 871
165 271 505 736 980
166 286 599 724 836
166 219 405 747 939
166 244 429 605 936
166 234 594 633 892
166 330 527 601 963
167 308 451 638 839
167 299 545 774 920
167 357 479 728 882
167 328 430 714 832
167 223 426 751 838
168 354 456 772 848
168 342 513 629 837
168 263 533 739 859
168 315 480 695 865
168 361 503 628 879
169 360 475 790 811
169 290 580 679 944
169 214 430 786 896
169 367 479 770 996
169 215 595 728 856
170 206 571 660 843
170 271 483 741 883
170 235 479 692 895
170 389 492 731 988
170 307 523 669 914
171 364 570 767 847
171 225 459 630 830
171 368 422 711 935
171 243 598 762 985
171 332 470 738 827
172 386 497 647 923
172 279 493 748 975
172 302 537 682 1000
172 369 471 665 977
172 366 546 641 840
173 378 445 713 870
173 214 566 758 912
173 313 536 735 940
173 381 561 660 850
173 374 491 766 956
174 327 582 716 985
174 217 414 609 943
174 216 510 647 831
174 285 456 613 993
174 382 524 715 939
175 244 589 686 816
175 260 469 748 830
175 368 537 714 801
175 245 567 636 919
175 379 506 677 892
176 283 524 644 827
176 355 446 711 918
176 331 506 657 996
176 392 453 710 818
176 323 417 788 839
177 267 439 751 950
177 356 425 768 987
177 393 411 660 888
177 303 486 627 963
177 227 561 606 829
178 309 459 645 884
178 314 476 755 905
178 224 484 759 971
178 230 585 777 846
178 238 424 764 867
179 304 401 761 927
179 362 481 743 936
179 249 410 622 987
179 240 549 781 922
179 205 486 616 817
180 264 501 708 982
180 352 575 682 854
180 377 545 797 959
180 260 506 641 886
180 285 560 632 965
181 388 436 725 964
181 210 561 688 992
181 263 546 781 978
181 394 417 662 971
181 383 498 614 858
182 251 487 691 991
182 285 401 748 808
182 343 496 784 957
182 300 418 673 957
182 256 576 734 894
183 344 511 630 952
183 326 593 764 884
183 248 587 719 839
183 330 480 646 866
183 386 587 709 914
184 228 432 621 949
184 390 571 723 878
184 248 460 661 868
184 384 544 700 853
184 334 500 635 972
185 321 443 606 983
185 358 411 687 955
185 302 597 744 847
185 261 554 686 951
185 279 409 773 924
186 346 551 791 802
186 349 550 626 884
186 307 526 619 844
186 265 510 740 841
186 325 566 739 870
187 319 404 632 898
187 220 588 655 938
187 202 413 652 927
187 220 536 664 842
187 399 584 723 875
188 336 590 666 828
188 390 533 707 846
188 341 582 731 856
188 302 436 746 966
188 239 469 757 995
189 290 415 776 821
189 220 587 656 959
189 373 418 669 985
189 344 449 673 810
189 396 582 610 837
190 351 410 670 914
190 253 585 697 975
190 293 555 657 957
190 259 551 768 980
190 252 570 712 997
191 269 438 619 881
191 379 537 779 919
191 347 437 771 932
191 283 410 706 803
191 207 435 725 845
192 388 466 683 823
192 326 426 715 909
192 389 474 626 992
192 355 421 620 911
192 298 541 728 968
193 227 589 664 866
193 242 415 716 924
193 213 593 692 902
193 245 504 607 906
193 230 562 795 869
194 366 579 692 854
194 277 525 654 821
194 278 538 776 824
194 230 598 601 823
194 259 496 796 860
195 274 574 646 815
195 239 535 778 813
195 306 408 709 821
195 212 441 705 819
195 324 575 686 906
196 399 540 626 919
196 255 535 698 990
196 373 461 766 843
196 273 476 701 900
196 337 408 790 980
197 338 593 766 815
197 380 449 732 998
197 287 440 764 885
197 209 419 603 998
197 394 519 609 943
198 201 431 603 997
198 358 494 718 928
198 217 472 608 857
198 288 445 746 862
198 205 449 768 874
199 220 533 705 936
199 329 421 772 942
199 371 472 746 974
199 278 512 616 869
199 344 409 782 896
200 380 552 672 900
200 212 412 606 930
200 240 418 683 976
200 314 553 667 899
200 270 547 675 992
1 2 3 4 5
6 7 8 9 10
11 12 13 14 15
16 17 18 19 20
21 22 23 24 25
26 27 28 29 30
31 32 33 34 35
36 37 38 39 40
41 42 43 44 45
46 47 48 49 50
51 52 53 54 55
56 57 58 59 60
61 62 63 64 65
66 67 68 69 70
71 72 73 74 75
76 77 78 79 80
81 82 83 84 85
86 87 88 89 90
91 92 93 94 95
96 97 98 99 100
101 102 103 104 105
106 107 108 109 110
111 112 113 114 115
116 117 118 119 120
121 122 123 124 125
126 127 128 129 130
131 132 133 134 135
136 137 138 139 140
141 142 143 144 145
146 147 148 149 150
151 152 153 154 155
156 157 158 159 160
161 162 163 164 165
166 167 168 169 170
171 172 173 174 175
176 177 178 179 180
181 182 183 184 185
186 187 188 189 190
191 192 193 194 195
196 197 198 199 200
201 202 203 204 205
206 207 208 209 210
211 212 213 214 215
216 217 218 219 220
221 222 223 224 225
226 227 228 229 230
231 232 233 234 235
236 237 238 239 240
241 242 243 244 245
246 247 248 249 250
251 252 253 254 255
256 257 258 259 260
261 262 263 264 265
266 267 268 269 270
271 272 273 274 275
276 277 278 279 280
281 282 283 284 285
286 287 288 289 290
291 292 293 294 295
296 297 298 299 300
301 302 303 304 305
306 307 308 309 310
311 312 313 314 315
316 317 318 319 320
321 322 323 324 325
326 327 328 329 330
331 332 333 334 335
336 337 338 339 340
341 342 343 344 345
346 347 348 349 350
351 352 353 354 355
356 357 358 359 360
361 362 363 364 365
366 367 368 369 370
371 372 373 374 375
376 377 378 379 380
381 382 383 384 385
386 387 388 389 390
391 392 393 394 395
396 397 398 399 400
401 402 403 404 405
406 407 408 409 410
411 412 413 414 415
416 417 418 419 420
421 422 423 424 425
426 427 428 429 430
431 432 433 434 435
436 437 438 439 440
441 442 443 444 445
446 447 448 449 450
451 452 453 454 455
456 457 458 459 460
461 462 463 464 465
466 467 468 469 470
471 472 473 474 475
476 477 478 479 480
481 482 483 484 485
486 487 488 489 490
491 492 493 494 495
496 497 498 499 500
501 502 503 504 505
506 507 508 509 510
511 512 513 514 515
516 517 518 519 520
521 522 523 524 525
526 527 528 529 530
531 532 533 534 535
536 537 538 539 540
541 542 543 544 545
546 547 548 549 550
551 552 553 554 555
556 557 558 559 560
561 562 563 564 565
566 567 568 569 570
571 572 573 574 575
576 577 578 579 580
581 582 583 584 585
586 587 588 589 590
591 592 593 594 595
596 597 598 599 600
601 602 603 604 605
606 607 608 609 610
611 612 613 614 615
616 617 618 619 620
621 622 623 624 625
626 627 628 629 630
631 632 633 634 635
636 637 638 639 640
641 642 643 644 645
646 647 648 649 650
651 652 653 654 655
656 657 658 659 660
661 662 663 664 665
666 667 668 669 670
671 672 673 674 675
676 677 678 679 680
681 682 683 684 685
686 687 688 689 690
691 692 693 694 695
696 697 698 699 700
701 702 703 704 705
706 707 708 709 710
711 712 713 714 715
716 717 718 719 720
721 722 723 724 725
726 727 728 729 730
731 732 733 734 735
736 737 738 739 740
741 742 743 744 745
746 747 748 749 750
751 752 753 754 755
756 757 758 759 760
761 762 763 764 765
766 767 768 769 770
771 772 773 774 775
776 777 778 779 780
781 782 783 784 785
786 787 788 789 790
791 792 793 794 795
796 797 798 799 800
801 802 803 804 805
806 807 808 809 810
811 812 813 814 815
816 817 818 819 820
821 822 823 824 825
826 827 828 829 830
831 832 833 834 835
836 837 838 839 840
841 842 843 844 845
846 847 848 849 850
851 852 853 854 855
856 857 858 859 860
861 862 863 864 865
866 867 868 869 870
871 872 873 874 875
876 877 878 879 880
881 882 883 884 885
886 887 888 889 890
891 892 893 894 895
896 897 898 899 900
901 902 903 904 905
906 907 908 909 910
911 912 913 914 915
916 917 918 919 920
921 922 923 924 925
926 927 928 929 930
931 932 933 934 935
936 937 938 939 940
941 942 943 944 945
946 947 948 949 950
951 952 953 954 955
956 957 958 959 960
961 962 963 964 965
966 967 968 969 970
971 972 973 974 975
976 977 978 979 980
981 982 983 984 985
986 987 988 989 990
991 992 993 994 995
996 997 998 999 1000
45 367 411 431 986
39 77 503 770 933
24 69 347 631 646
240 430 574 593 634
187 280 317 895 990
48 91 133 710 846
1 11 287 417 955
33 50 167 555 565
31 51 161 609 984
186 366 650 763 902
384 500 698 711 806
189 474 822 974 997
65 118 168 534 963
263 379 576 843 862
23 74 182 630 845
10 120 573 632 868
415 567 774 867 988
20 42 245 300 316
274 320 342 539 827
261 932 934 942 991
144 207 382 784 816
242 283 406 452 511
153 480 541 564 835
2 7 258 515 888
66 491 566 818 852
175 489 499 688 767
337 402 658 885 961
200 257 349 740 916
25 125 198 333 671
88 312 889 965 969
439 444 656 689 705
196 419 645 677 717
150 438 454 462 755
82 147 516 578 829
269 460 502 579 848
487 510 608 640 701
303 461 520 725 813
98 380 472 518 890
249 446 482 940 972
148 289 629 894 998
28 36 328 441 690
129 141 661 824 962
6 156 210 662 854
225 410 508 828 871
255 777 821 874 964
53 180 205 584 747
57 405 457 535 663
206 433 741 913 918
99 235 442 721 893
114 246 432 753 760
248 560 577 633 906
29 90 681 762 950
160 543 679 727 947
110 229 302 596 820
78 233 314 768 977
80 484 544 664 910
275 390 494 610 750
204 301 313 626 649
138 154 614 949 970
170 687 808 872 899
155 492 580 733 924
52 271 345 625 644
620 623 708 838 903
27 355 517 686 896
215 455 666 712 929
223 435 483 540 559
352 471 477 621 881
19 224 232 238 243
41 353 397 613 951
131 398 526 655 1000
76 121 569 825 847
84 94 212 557 691
14 112 291 802 979
151 326 404 426 971
115 174 669 789 807
122 140 190 294 548
277 583 675 803 967
183 185 611 968 994
15 369 468 857 925
171 387 467 660 751
386 424 562 589 617
68 264 638 737 817
105 683 804 876 954
26 188 197 602 786
60 546 869 900 907
278 341 521 533 826
436 485 628 823 983
89 395 423 512 989
166 530 643 697 719
531 536 810 842 941
375 381 403 414 772
16 104 519 556 723
3 588 598 734 948
30 221 550 570 572
124 177 408 592 795
259 315 336 429 809
12 128 321 585 773
247 359 360 590 960
296 665 732 814 832
330 370 418 524 909
70 184 325 495 775
350 742 858 923 939
35 81 279 407 884
434 724 766 785 891
339 509 693 700 771
93 389 409 450 973
92 267 791 850 928
143 211 787 793 831
176 334 672 735 886
231 250 335 466 752
219 298 618 685 788
86 107 116 201 371
54 159 636 778 863
227 276 587 887 999
142 282 493 758 839
83 464 603 653 745
239 354 478 619 728
216 236 281 305 739
17 132 563 730 931
157 365 490 551 571
108 203 237 476 921
191 361 473 790 797
136 179 284 769 880
290 445 525 586 975
64 252 652 812 930
21 106 575 912 957
119 181 254 523 866
172 178 421 635 834
85 268 554 716 992
195 202 706 830 914
699 722 749 800 878
401 654 667 748 855
61 165 420 428 726
599 607 746 780 920
5 372 425 601 805
127 253 522 796 936
79 217 222 801 980
40 251 310 641 981
18 162 470 497 604
4 364 547 754 764
262 272 322 449 938
22 568 595 776 837
152 346 527 782 908
59 682 911 944 995
135 400 416 581 799
56 319 363 606 926
163 332 720 743 953
123 149 331 458 528
44 73 158 427 927
169 340 356 704 713
46 130 553 731 946
37 214 270 383 897
244 538 692 729 779
307 465 542 798 836
164 362 391 877 959
67 327 680 696 882
288 324 501 673 833
32 292 506 922 987
295 377 392 505 594
49 393 647 651 841
103 226 443 451 840
447 622 684 738 892
102 260 286 308 394
71 323 549 627 851
8 96 234 351 413
378 558 561 860 966
306 422 437 657 844
100 475 532 853 873
117 297 507 703 859
47 75 299 399 486
304 374 624 702 993
58 95 488 552 765
498 537 761 943 978
34 209 344 615 865
139 145 266 396 695
230 265 358 674 783
329 453 456 479 898
343 357 368 385 861
9 718 792 875 952
228 612 670 982 996
97 714 744 794 864
38 318 591 819 870
218 273 481 668 905
109 220 637 707 919
43 101 137 348 545
213 338 373 856 915
63 285 463 709 815
412 469 757 901 956
311 514 811 849 958
193 199 513 917 937
72 293 388 715 756
134 440 448 459 879
126 194 582 694 883
146 309 376 904 985
62 208 648 676 781
87 111 597 600 945
55 241 605 616 678
113 504 529 642 759
192 639 736 935 976
13 173 256 496 659
54 458 469 891 907
8 41 108 208 674
174 465 516 570 692
100 525 637 641 931
39 296 710 743 827
277 656 718 736 822
116 178 267 496 704
88 201 601 973 980
45 481 519 925 995
276 758 893 946 954
176 350 353 883 922
49 689 708 782 997
52 139 304 720 933
355 447 622 694 867
114 120 351 941 962
76 177 462 513 603
312 454 569 880 904
127 795 909 943 998
91 436 437 709 984
43 192 260 347 427
577 581 633 959 992
154 494 614 716 853
211 223 463 527 673
274 368 438 652 890
9 450 727 731 882
439 571 658 835 957
38 89 96 305 528
66 124 166 387 423
67 228 281 688 828
307 478 761 834 843
283 344 382 432 986
238 403 595 670 916
227 287 406 475 759
185 254 580 728 808
169 502 769 780 955
183 261 677 901 939
4 337 338 460 953
207 455 471 729 951
90 324 367 575 881
69 290 522 804 983
80 265 466 725 974
10 42 270 451 456
288 392 668 719 921
72 85 194 251 611
137 187 302 861 989
226 326 357 390 877
20 240 474 490 526
33 36 607 696 706
268 291 944 982 990
330 508 590 592 643
405 610 671 774 831
82 434 623 669 816
65 75 81 735 879
168 271 272 558 820
2 247 495 599 647
70 237 717 836 869
74 266 548 559 819
234 303 336 389 687
182 349 535 852 886
328 402 476 626 918
398 515 556 609 978
136 241 482 529 644
110 395 524 573 618
15 264 362 698 800
218 235 536 663 746
209 560 561 639 956
292 414 549 587 666
77 83 329 605 662
487 563 811 872 940
50 184 262 501 855
170 665 730 798 859
143 492 697 988 993
37 123 339 690 777
680 760 770 812 958
134 195 323 483 841
518 724 797 887 979
7 16 141 309 646
343 377 430 678 734
6 56 833 844 848
132 239 424 839 914
171 245 445 584 892
119 229 298 301 627
121 371 468 585 847
118 165 597 651 888
197 244 286 534 737
452 574 714 884 895
60 151 764 796 906
158 278 613 707 742
130 152 365 425 537
11 173 198 216 543
180 444 755 809 865
161 318 473 499 849
48 443 594 821 857
375 420 682 712 987
167 507 612 655 683
126 332 497 908 970
248 257 391 778 856
142 172 199 400 905
157 358 397 545 676
428 551 672 752 920
369 409 422 442 896
186 521 582 596 763
230 431 552 817 840
14 78 95 533 964
421 433 504 703 825
135 567 875 878 899
149 417 511 740 802
128 175 370 373 416
220 319 325 461 506
24 232 366 868 929
310 418 701 753 911
313 479 621 733 994
92 243 289 372 837
44 140 224 586 598
5 113 122 523 657
87 146 485 486 510
117 317 408 480 606
25 145 253 568 744
94 98 131 346 985
30 40 221 333 747
18 345 464 539 564
105 583 667 773 810
21 109 196 396 850
386 500 794 870 876
104 160 162 625 967
308 489 547 786 928
86 111 664 751 830
233 259 514 615 767
293 381 555 722 813
102 393 401 472 512
17 225 435 459 620
35 252 653 715 801
179 589 838 937 991
29 379 544 546 572
493 517 553 972 977
46 530 762 863 934
28 650 858 873 952
23 327 364 576 968
144 361 415 542 649
22 125 354 385 976
32 181 356 591 960
212 352 412 565 693
68 71 164 202 449
503 531 721 818 919
214 776 823 832 898
505 685 750 860 903
156 203 314 532 1000
12 58 491 602 700
47 57 62 695 894
106 638 684 784 927
55 348 807 926 949
204 335 629 806 996
27 342 363 566 999
188 190 654 732 924
101 509 579 749 948
112 394 636 713 745
150 299 477 631 779
97 376 410 488 702
148 300 538 775 783
99 213 250 550 900
217 619 864 885 902
660 691 738 787 965
189 341 441 557 679
79 360 617 711 756
133 138 205 215 384
206 520 540 862 930
269 541 600 793 874
275 282 316 453 790
26 498 588 772 824
63 256 306 851 950
61 191 791 846 917
13 59 153 297 374
73 383 457 642 648
51 236 284 380 971
31 630 781 897 975
273 429 634 766 910
115 155 378 413 470
64 320 661 748 799
200 280 578 815 966
334 554 632 640 842
231 440 628 705 757
255 754 866 938 945
159 163 193 411 723
103 315 635 726 935
19 686 814 889 947
129 279 659 768 792
3 295 913 915 942
242 484 741 788 932
34 388 645 871 961
210 294 419 699 936
93 249 321 765 805
107 604 616 624 785
53 246 912 963 981
258 562 771 789 829
285 322 448 675 845
1 84 311 331 681
147 359 426 446 923
407 467 803 854 969
219 340 608 739 826
222 263 399 404 593
23 257 432 830 969
148 149 169 534 673
342 417 478 984 986
119 218 294 375 449
43 204 618 664 828
92 630 885 921 997
108 334 483 743 964
50 344 489 518 988
225 299 382 867 985
14 278 398 552 945
8 100 179 226 239
230 614 672 741 793
174 215 235 277 869
111 521 607 684 905
258 424 459 718 729
142 526 704 895 994
49 227 444 643 660
136 214 300 470 722
232 390 514 928 951
19 40 536 723 959
104 256 276 487 916
367 437 502 686 893
303 401 405 465 682
126 372 481 558 650
20 223 292 647 795
151 716 927 958 976
498 694 739 797 884
54 253 280 631 840
78 201 203 252 837
96 115 687 852 911
270 492 584 663 700
135 519 724 900 931
41 553 623 792 829
188 197 335 524 613
62 216 590 761 920
15 462 505 579 874
273 691 710 759 823
29 282 365 712 831
30 73 271 386 477
45 65 288 604 768
554 754 760 860 899
72 87 198 469 657
28 67 106 641 719
22 51 348 732 876
117 192 436 578 886
33 383 426 914 971
287 377 770 856 868
4 101 152 199 330
113 219 301 445 586
124 302 474 635 698
12 79 128 286 461
129 168 549 592 933
71 162 599 624 749
1 153 241 808 967
212 499 574 608 932
186 234 617 699 942
211 354 775 878 948
127 359 415 814 817
16 269 274 457 798
46 402 846 864 883
157 501 755 815 918
245 414 603 628 904
3 37 121 438 621
441 448 626 934 961
5 86 381 485 859
69 161 439 570 936
262 458 527 652 999
9 319 539 638 678
114 345 504 850 943
261 620 720 790 946
34 140 172 208 646
233 296 368 598 996
10 132 512 909 944
307 423 433 665 791
47 200 541 804 1000
317 321 388 393 450
272 434 523 782 875
11 213 661 666 788
460 475 615 789 842
247 283 358 400 642
447 509 573 602 764
42 516 627 858 897
25 155 565 956 998
370 413 589 706 811
105 297 340 597 750
52 250 871 924 975
125 290 490 529 922
120 289 711 762 902
89 364 555 639 812
70 251 254 557 800
346 467 593 748 906
347 542 848 963 966
231 495 588 679 780
55 304 473 583 746
123 171 484 513 839
500 605 728 736 779
141 406 515 781 947
21 102 337 396 977
81 82 259 422 824
177 430 532 601 919
176 308 435 611 979
75 139 318 581 596
110 165 453 472 705
26 293 328 356 431
669 721 772 974 991
324 397 411 580 954
309 409 508 745 937
298 341 440 556 896
164 209 689 915 973
56 279 391 533 879
454 510 771 853 877
183 378 496 683 950
6 154 336 675 861
180 196 692 834 873
190 786 807 870 957
237 455 525 866 962
249 339 427 446 528
133 146 538 738 987
17 64 425 543 913
263 591 656 690 757
353 696 702 756 767
238 568 681 809 810
310 399 701 917 935
118 220 569 821 826
242 260 360 901 955
24 327 408 625 766
131 236 333 595 637
493 585 833 845 960
66 97 463 559 803
38 575 735 802 820
84 577 714 849 938
331 560 667 725 982
266 659 707 737 799
76 195 571 733 910
138 361 537 783 863
32 357 412 491 825
103 243 566 636 662
267 456 503 752 855
91 255 268 838 930
93 163 410 561 929
443 587 742 805 847
535 594 653 715 727
156 275 545 740 892
563 576 703 753 923
350 511 546 777 818
187 486 939 989 993
159 167 384 655 827
480 671 857 872 907
57 217 403 562 765
122 221 265 540 547
109 194 806 835 881
210 349 429 634 773
112 134 191 374 389
2 326 507 784 796
207 351 609 640 887
147 320 676 685 787
53 80 606 645 940
63 182 407 612 862
264 315 548 600 888
31 314 476 551 649
137 366 385 644 891
60 170 362 506 854
58 98 130 228 322
175 363 890 912 983
329 416 418 622 726
744 778 865 978 981
68 94 332 680 851
224 616 882 949 990
248 442 468 531 794
61 629 651 730 844
74 77 222 464 953
13 246 731 836 992
44 181 352 517 925
107 497 633 697 832
35 83 202 479 550
88 379 670 941 968
316 395 452 695 889
193 530 582 822 972
312 387 668 813 952
185 658 693 708 774
466 610 654 894 903
85 305 567 734 995
7 39 311 376 801
158 240 295 451 908
99 143 229 323 394
27 116 369 373 843
90 173 420 488 776
206 392 421 648 880
48 150 313 343 717
178 544 819 841 980
59 145 184 284 926
189 285 428 674 816
306 522 619 688 758
291 355 494 713 769
338 404 677 709 965
36 166 205 325 970
144 380 520 785 898
95 160 281 572 751
18 244 471 632 747
371 419 482 564 763
66 205 660 663 873
183 198 328 815 926
29 35 611 780 954
56 161 292 449 643
90 107 424 625 682
178 223 226 303 438
243 357 369 570 626
1 387 521 642 907
120 352 440 488 540
203 209 312 794 944
494 581 592 763 841
74 522 560 720 767
20 60 115 756 972
121 160 355 520 653
426 481 769 971 981
405 650 681 713 871
237 516 547 638 895
175 468 508 655 879
28 206 249 310 974
210 321 339 465 797
50 678 941 967 973
105 259 379 558 563
271 513 795 956 969
169 300 456 602 968
73 231 436 722 792
11 190 222 233 502
46 282 383 855 876
43 57 728 764 936
140 304 434 504 885
239 345 738 852 872
19 33 325 689 868
179 240 298 366 834
311 586 614 735 820
14 63 250 651 773
116 216 427 598 637
180 371 432 822 826
69 484 808 837 945
25 374 647 798 835
583 666 831 880 913
182 349 475 805 860
38 272 485 537 929
264 308 375 777 934
377 408 745 846 978
27 109 265 684 928
18 543 599 796 955
220 326 446 889 937
380 524 635 851 923
142 448 693 817 836
151 235 270 551 623
110 697 711 724 864
39 245 319 398 683
495 530 538 605 690
188 277 555 821 919
155 491 549 897 966
95 114 212 261 685
100 539 661 845 938
54 225 390 760 988
31 253 670 739 905
68 147 364 370 838
48 113 706 736 970
146 152 406 422 726
262 306 568 619 989
13 122 260 759 770
135 196 281 404 567
34 150 712 730 839
228 285 411 914 961
141 252 740 799 890
108 184 342 705 918
64 215 241 965 994
172 266 762 861 930
78 244 336 483 824
159 201 577 622 679
26 125 353 360 601
62 153 553 612 990
168 187 523 550 935
75 381 418 467 505
124 413 659 729 776
275 363 576 632 917
138 144 211 819 840
305 462 486 526 732
67 397 708 716 951
332 709 766 783 833
6 45 255 501 847
362 421 886 912 927
21 294 400 593 983
77 276 414 680 899
81 466 617 746 778
123 437 595 765 883
99 263 704 727 790
37 148 341 423 463
36 154 333 579 743
296 469 533 829 875
55 102 302 317 731
297 314 559 793 910
51 594 721 804 848
280 527 787 843 995
97 136 368 445 641
389 648 686 771 931
76 217 287 807 999
195 582 786 979 996
171 307 309 392 667
580 589 657 809 963
59 293 361 453 608
23 286 544 624 775
32 334 725 781 887
331 561 757 964 975
8 386 473 782 816
58 149 267 435 631
127 174 529 691 957
9 17 65 126 131
181 459 649 754 959
242 378 514 747 862
12 143 457 478 737
639 785 850 915 946
82 128 503 572 600
139 301 518 597 633
194 340 636 717 752
118 236 329 420 877
629 714 874 952 976
164 214 350 627 832
177 327 343 382 433
88 200 621 656 894
451 591 700 823 856
283 320 674 925 962
176 299 548 665 692
134 515 534 748 779
24 40 103 891 933
289 316 658 741 987
53 419 512 536 654
132 192 673 755 997
41 575 613 616 800
92 403 410 464 953
133 186 238 552 556
16 49 323 554 644
70 344 528 596 853
89 574 828 892 991
111 224 401 578 810
112 441 450 569 932
402 442 489 827 870
72 532 676 733 863
396 590 664 677 723
415 499 710 751 992
15 630 806 867 985
4 295 509 749 842
117 156 189 511 671
52 137 213 356 416
93 98 604 696 791
2 145 367 391 470
5 248 506 753 916
158 221 444 703 881
84 288 425 497 924
173 268 324 454 911
365 407 409 507 772
47 230 417 646 701
170 193 313 338 922
104 330 373 634 865
42 79 908 909 948
477 490 698 718 761
85 525 688 898 942
234 247 573 669 789
204 318 702 774 801
3 162 337 394 471
372 566 640 830 884
290 603 707 758 901
22 191 208 742 900
385 461 472 479 939
30 347 476 565 588
229 246 480 668 960
273 291 428 606 811
335 429 493 607 715
119 251 395 888 904
185 227 274 541 920
96 256 439 519 802
7 91 254 258 993
10 157 388 857 947
165 207 257 687 998
284 460 546 744 859
351 354 358 615 903
87 662 694 719 803
384 443 825 949 980
315 346 393 618 768
44 322 557 562 896
279 359 412 699 921
232 458 620 645 812
510 564 854 866 943
129 452 498 672 818
80 269 652 882 893
545 584 587 609 849
399 531 542 585 675
86 94 278 571 977
71 218 219 734 906
202 784 902 958 1000
199 447 695 750 869
83 106 430 482 628
197 376 496 813 940
163 431 788 844 878
61 474 814 950 986
101 167 348 982 984
166 455 492 535 610
130 487 500 517 858
